# input.json 관련
# 아래 좌표는 사각형에 대한 왼쪽 위, 오른쪽 아래 좌표이다. 사각형 라인을 그리고, 라인위에 임의의 RANDOM_INTERVAL 간격으로 addresses를 생성한다 (단, 사각형의 꼭지점은 address로 생성되지 않음)
# 생성된 addresses의 좌표(a, b, c, d) 에 대해 fromPos(a, b, c, d)와 toPos(b, c, d, a) 좌표로 갖는 lines 정보를 생성한다.

#Z=6022, X axis
[[4500.0, 5550.0, 6022.0], [15000.0, 5500.0, 6022.0]],
[[5500.0, 3550.0, 6022.0], [15000.0, 3500.0, 6022.0]],

#Z=6022, Y axis
[[5500.0, 7000.0, 6022.0], [5550.0, 5550.0, 6022.0]],
[[6800.0, 7000.0, 6022.0], [6850.0, 5550.0, 6022.0]],
[[9700.0, 7000.0, 6022.0], [9750.0, 5550.0, 6022.0]],
[[10500.0, 7000.0, 6022.0], [10550.0, 5550.0, 6022.0]],
[[12500.0, 7000.0, 6022.0], [12550.0, 5550.0, 6022.0]],
[[13500.0, 7000.0, 6022.0], [13550.0, 5550.0, 6022.0]],
[[14500.0, 7000.0, 6022.0], [14550.0, 5550.0, 6022.0]],

[[5500.0, 5500.0, 6022.0], [5550.0, 3550.0, 6022.0]],
[[6500.0, 5500.0, 6022.0], [6550.0, 3550.0, 6022.0]],
[[7500.0, 5500.0, 6022.0], [7550.0, 3550.0, 6022.0]],
[[9500.0, 5500.0, 6022.0], [9550.0, 3550.0, 6022.0]],
[[10500.0, 5500.0, 6022.0], [10550.0, 3550.0, 6022.0]],
[[10000.0, 5500.0, 6022.0], [10050.0, 3550.0, 6022.0]],
[[11200.0, 5500.0, 6022.0], [11250.0, 3550.0, 6022.0]],
[[12500.0, 5500.0, 6022.0], [12550.0, 3550.0, 6022.0]],
[[13300.0, 5500.0, 6022.0], [13350.0, 3550.0, 6022.0]],
[[14700.0, 5500.0, 6022.0], [14750.0, 3550.0, 6022.0]],

[[6200.0, 3500.0, 6022.0], [6250.0, 2000.0, 6022.0]],
[[7400.0, 3500.0, 6022.0], [7450.0, 2000.0, 6022.0]],
[[9900.0, 3500.0, 6022.0], [9950.0, 2000.0, 6022.0]],
[[10700.0, 3500.0, 6022.0], [10750.0, 2000.0, 6022.0]],
[[12300.0, 3500.0, 6022.0], [12350.0, 2000.0, 6022.0]],
[[13500.0, 3500.0, 6022.0], [13250.0, 2000.0, 6022.0]],
[[14800.0, 3500.0, 6022.0], [14850.0, 2000.0, 6022.0]],

#Z=4088, X axis
[[4500.0, 6500.0, 4822.0], [15000.0, 6410.0, 4822.0]],
[[4800.0, 6470.0, 4822.0], [14700.0, 6440.0, 4822.0]],
[[4500.0, 4590.0, 4822.0], [15000.0, 4500.0, 4822.0]],
[[4800.0, 4560.0, 4822.0], [14700.0, 4530.0, 4822.0]],
[[5500.0, 2590.0, 4822.0], [15000.0, 2500.0, 4822.0]],
[[5800.0, 2560.0, 4822.0], [14700.0, 2530.0, 4822.0]],

#Z=4088, Y axis
[[4600.0, 6410.0, 4822.0], [4680.0, 4590.0, 4822.0]],
[[5066.0, 6410.0, 4822.0], [5148.0, 4590.0, 4822.0]],
[[5480.0, 6410.0, 4822.0], [5573.0, 4590.0, 4822.0]],
[[5825.0, 6410.0, 4822.0], [5981.0, 4590.0, 4822.0]],
[[6258.0, 6410.0, 4822.0], [6365.0, 4590.0, 4822.0]],
[[6690.0, 6410.0, 4822.0], [6808.0, 4590.0, 4822.0]],
[[7103.0, 6410.0, 4822.0], [7234.0, 4590.0, 4822.0]],
[[7548.0, 6410.0, 4822.0], [7698.0, 4590.0, 4822.0]],
[[7973.0, 6410.0, 4822.0], [8072.0, 4590.0, 4822.0]],
[[8387.0, 6410.0, 4822.0], [8469.0, 4590.0, 4822.0]],
[[8813.0, 6410.0, 4822.0], [8939.0, 4590.0, 4822.0]],
[[10089.0, 6410.0, 4822.0], [10245.0, 4590.0, 4822.0]],
[[10515.0, 6410.0, 4822.0], [10667.0, 4590.0, 4822.0]],
[[10940.0, 6410.0, 4822.0], [11049.0, 4590.0, 4822.0]],
[[11386.0, 6410.0, 4822.0], [11520.0, 4590.0, 4822.0]],
[[12237.0, 6410.0, 4822.0], [12367.0, 4590.0, 4822.0]],
[[12662.0, 6410.0, 4822.0], [12811.0, 4590.0, 4822.0]],
[[13088.0, 6410.0, 4822.0], [13236.0, 4590.0, 4822.0]],
[[13513.0, 6410.0, 4822.0], [13663.0, 4590.0, 4822.0]],
[[13939.0, 6410.0, 4822.0], [14088.0, 4590.0, 4822.0]],
[[14100.0, 6410.0, 4822.0], [14180.0, 4590.0, 4822.0]],
[[14500.0, 6410.0, 4822.0], [14580.0, 4590.0, 4822.0]],

[[5600.0, 4500.0, 4822.0], [5680.0, 2590.0, 4822.0]],
[[6000.0, 4500.0, 4822.0], [6082.0, 2590.0, 4822.0]],
[[6473.0, 4500.0, 4822.0], [6555.0, 2590.0, 4822.0]],
[[6947.0, 4500.0, 4822.0], [7082.0, 2590.0, 4822.0]],
[[7200.0, 4500.0, 4822.0], [7280.0, 2590.0, 4822.0]],
[[7421.0, 4500.0, 4822.0], [7580.0, 2590.0, 4822.0]],
[[7894.0, 4500.0, 4822.0], [7978.0, 2590.0, 4822.0]],
[[8368.0, 4500.0, 4822.0], [8517.0, 2590.0, 4822.0]],
[[8842.0, 4500.0, 4822.0], [8940.0, 2590.0, 4822.0]],
[[9315.0, 4500.0, 4822.0], [9460.0, 2590.0, 4822.0]],
[[9789.0, 4500.0, 4822.0], [9872.0, 2590.0, 4822.0]],
[[9900.0, 4500.0, 4822.0], [9980.0, 2590.0, 4822.0]],
[[10263.0, 4500.0, 4822.0], [10347.0, 2590.0, 4822.0]],
[[10736.0, 4500.0, 4822.0], [10865.0, 2590.0, 4822.0]],
[[11210.0, 4500.0, 4822.0], [11359.0, 2590.0, 4822.0]],
[[12157.0, 4500.0, 4822.0], [12247.0, 2590.0, 4822.0]],
[[12631.0, 4500.0, 4822.0], [12730.0, 2590.0, 4822.0]],
[[13578.0, 4500.0, 4822.0], [13689.0, 2590.0, 4822.0]],
[[14052.0, 4500.0, 4822.0], [14153.0, 2590.0, 4822.0]],
[[14526.0, 4500.0, 4822.0], [14646.0, 2590.0, 4822.0]],


#shape1, Z=6022 edge부 상단
#다음 좌표를 addresses에 추가, lines는 추가 방식은 'fromPos에 좌표1, toPos에 좌표2', 'fromPos에 좌표2, toPos에 좌표3' 방식으로 toPos에 마지막 좌표가 나올때 까지 모두 추가
[5470.0, 6800.0, 6022.0], [5470.0, 6850.0, 6022.0], [5470.0, 6900.0, 6022.0], [5470.0, 6930.0, 6022.0], [5470.0, 6980.0, 6022.0], [5470.0, 7020.0, 6022.0], [5470.0, 7050.0, 6022.0],
[5510.0, 7070.0, 6022.0], [5540.0, 7070.0, 6022.0],
[5580.0, 7050.0, 6022.0], [5580.0, 7020.0, 6022.0], [5580.0, 6980.0, 6022.0], [5580.0, 6930.0, 6022.0], [5580.0, 6900.0, 6022.0], [5580.0, 6850.0, 6022.0], [5580.0, 6800.0, 6022.0],

#shape1_pos
#shpae1_pos는 shape1의 첫번째 좌표에 해당되는 값으로, 각각의 shape1_pos에 대해 shape1과 동일한 offset으로 좌표를 생성(addresses에 추가)하고, lines를 추가함   
[6770.0, 6800.0, 6022.0], [9670.0, 6800.0, 6022.0], [10470.0, 6800.0, 6022.0], [12470.0, 6800.0, 6022.0], [13470.0, 6800.0, 6022.0], [14470.0, 6800.0, 6022.0]]

#shape2, Z=6022 edge부 하단
[6220.0, 2200.0, 6022.0], [6220.0, 2150.0, 6022.0], [6220.0, 2100.0, 6022.0], [6220.0, 2070.0, 6022.0],[6220.0, 2020.0, 6022.0], [6220.0, 1980.0, 6022.0], [6220.0, 1950.0, 6022.0], 
[6260.0, 1930.0, 6022.0],[6290.0, 1930.0, 6022.0],
[6330.0, 1950.0, 6022.0], [6330.0, 1980.0, 6022.0], [6330.0, 2020.0, 6022.0],
[6330.0, 2070.0, 6022.0], [6330.0, 2100.0, 6022.0], [6330.0, 2150.0, 6022.0], [6330.0, 2200.0, 6022.0]

#shape2_pos
[6220.0, 2200.0, 6022.0], [7420.0, 2200.0, 6022.0], [9920.0, 2200.0, 6022.0], [10720.0, 2200.0, 6022.0], [12320.0, 2200.0, 6022.0], [13520.0, 2200.0, 6022.0], [14820.0, 2200.0, 6022.0]


# addresses와 lines의 생성규칙은 다음과 같고, output.json 파일로 저장한다.  
 addresses:
{
"id":1,
"address":1,
"name":"ADDR_1",
"pos":{
  "x": 4426.007666666668,
  "y": 4694.910534643597,
  "z": 0.0
},
{
"id":2,
"address":2,
"name":"ADDR_2",
"pos":{
  "x": 6920.158333333335,
  "y": 4702.445475285095,
  "z": 0.0
},
...

"lines":[
{
"id":1,
"name":"LINE_1_22234",
"toAddress":22234,
"fromAddress":1,
"toPos":{
  "x":4426.007666666667,
  "y":"4678.486,
  "z":4822.0
},
"fromPos":{
  "x":4426.007666666668,
  "y":4694.910534643597,
  "z":0.0
},
"curve":false
}, 
{
"id":1,
"name":"LINE_2_3795",
"toAddress":3795,
"fromAddress":2,
"toPos":{
  "x":6920.158333333334,
  "y":"4678.285999999999,
  "z":4822.0
},
"fromPos":{
  "x":6920.158333333335,
  "y":4702.445475285095,
  "z":0.0
},
"curve":false
},
...

